%YAML:1.0
---
R: !!opencv-matrix
   rows: 3
   cols: 3
   dt: d
   data: [ 9.9999848941808078e-01, 1.5102359679265277e-03,
       8.6043528395420845e-04, -1.5054388586494590e-03,
       9.9998347185032421e-01, -5.5488449261781861e-03,
       -8.6880112773899483e-04, 5.5475412114815515e-03,
       9.9998423486128396e-01 ]
T: !!opencv-matrix
   rows: 3
   cols: 1
   dt: d
   data: [ -6.6261080016706186e+00, 1.7204627929183341e-02,
       6.0292812144197583e-01 ]
R1: !!opencv-matrix
   rows: 3
   cols: 3
   dt: d
   data: [ 9.9596347463006996e-01, -1.5844469826484789e-03,
       -8.9745455208368269e-02, 1.3324630912089480e-03,
       9.9999500068013081e-01, -2.8676047244609419e-03,
       8.9749550109783971e-02, 2.7364470585708265e-03,
       9.9596060670720654e-01 ]
R2: !!opencv-matrix
   rows: 3
   cols: 3
   dt: d
   data: [ 9.9588235710059503e-01, -2.5857992973905486e-03,
       -9.0618124333693220e-02, 2.8402221078964660e-03,
       9.9999237856529499e-01, 2.6787963158143527e-03,
       9.0610506863944229e-02, -2.9251415892942545e-03,
       9.9588211129256743e-01 ]
P1: !!opencv-matrix
   rows: 3
   cols: 4
   dt: d
   data: [ 1.7750196455804471e+03, 0., 8.4194765090942383e+02, 0., 0.,
       1.7750196455804471e+03, 3.1784585189819336e+02, 0., 0., 0., 1.,
       0. ]
P2: !!opencv-matrix
   rows: 3
   cols: 4
   dt: d
   data: [ 1.7750196455804471e+03, 0., 8.4194765090942383e+02,
       -1.1810101657936200e+04, 0., 1.7750196455804471e+03,
       3.1784585189819336e+02, 0., 0., 0., 1., 0. ]
Q: !!opencv-matrix
   rows: 4
   cols: 4
   dt: d
   data: [ 1., 0., 0., -8.4194765090942383e+02, 0., 1., 0.,
       -3.1784585189819336e+02, 0., 0., 0., 1.7750196455804471e+03, 0.,
       0., 1.5029672876589190e-01, 0. ]
