%YAML:1.0
---
M1: !!opencv-matrix
   rows: 3
   cols: 3
   dt: d
   data: [ 2.0030719933015914e+03, 0., 6.1804372929458225e+02, 0.,
       2.0359877821293496e+03, 3.0680372307870141e+02, 0., 0., 1. ]
D1: !!opencv-matrix
   rows: 1
   cols: 14
   dt: d
   data: [ -2.3362843149581258e-01, -2.8564882177510507e+00, 0., 0., 0.,
       0., 0., -1.8577226101792853e+01, 0., 0., 0., 0., 0., 0. ]
M2: !!opencv-matrix
   rows: 3
   cols: 3
   dt: d
   data: [ 2.0030719933015914e+03, 0., 6.5462550936100467e+02, 0.,
       2.0359877821293496e+03, 3.3245323835903014e+02, 0., 0., 1. ]
D2: !!opencv-matrix
   rows: 1
   cols: 14
   dt: d
   data: [ -3.4038443396348839e-01, -1.1559408598004843e+00, 0., 0., 0.,
       0., 0., -8.3882416063952707e+00, 0., 0., 0., 0., 0., 0. ]
