<?xml version="1.0"?>
<opencv_storage>
    <images>
    /home/melo/work/stereo/20240628-171123/left_0.jpg
    /home/melo/work/stereo/20240628-171123/right_0.jpg
    /home/melo/work/stereo/20240628-171123/left_1.jpg
    /home/melo/work/stereo/20240628-171123/right_1.jpg
    /home/melo/work/stereo/20240628-171123/left_2.jpg
    /home/melo/work/stereo/20240628-171123/right_2.jpg
    /home/melo/work/stereo/20240628-171123/left_3.jpg
    /home/melo/work/stereo/20240628-171123/right_3.jpg
    /home/melo/work/stereo/20240628-171123/left_4.jpg
    /home/melo/work/stereo/20240628-171123/right_4.jpg
    /home/melo/work/stereo/20240628-171123/left_5.jpg
    /home/melo/work/stereo/20240628-171123/right_5.jpg
    /home/melo/work/stereo/20240628-171123/left_6.jpg
    /home/melo/work/stereo/20240628-171123/right_6.jpg
    /home/melo/work/stereo/20240628-171123/left_7.jpg
    /home/melo/work/stereo/20240628-171123/right_7.jpg
    /home/melo/work/stereo/20240628-171123/left_8.jpg
    /home/melo/work/stereo/20240628-171123/right_8.jpg
    /home/melo/work/stereo/20240628-171123/left_9.jpg
    /home/melo/work/stereo/20240628-171123/right_9.jpg
    <!-- /home/melo/work/stereo/20240628-171123/left_10.jpg
    /home/melo/work/stereo/20240628-171123/right_10.jpg
    /home/melo/work/stereo/20240628-171123/left_11.jpg
    /home/melo/work/stereo/20240628-171123/right_11.jpg
    /home/melo/work/stereo/20240628-171123/left_12.jpg
    /home/melo/work/stereo/20240628-171123/right_12.jpg
    /home/melo/work/stereo/20240628-171123/left_13.jpg
    /home/melo/work/stereo/20240628-171123/right_13.jpg
    /home/melo/work/stereo/20240628-171123/left_14.jpg
    /home/melo/work/stereo/20240628-171123/right_14.jpg
    /home/melo/work/stereo/20240628-171123/left_15.jpg
    /home/melo/work/stereo/20240628-171123/right_15.jpg
    /home/melo/work/stereo/20240628-171123/left_16.jpg
    /home/melo/work/stereo/20240628-171123/right_16.jpg
    /home/melo/work/stereo/20240628-171123/left_17.jpg
    /home/melo/work/stereo/20240628-171123/right_17.jpg -->
    </images>
</opencv_storage>
